To load "npa-hierarchy":
  Load 1 ASDF system:
    npa-hierarchy
; Loading "npa-hierarchy"


0.9999999664080734d0 
1.2071067276138945d0 
0.9999999664080734d0 
1.2071067276138991d0 
1.2071066028118085d0 
1.2071067276138991d0 
1.2071066028117907d0 
1.2071067276138971d0 
0.9999999664080753d0 
0.9999999664080716d0 
0.9999999664080735d0 
0.9999999664080715d0 
1.2071066028118058d0 
1.207106727613903d0 
0.9999999664080728d0 
0.9999999664080728d0 
1.2071067276138945d0 
1.2071066028118036d0 
1.207106727613903d0 
1.2071067276138971d0 